spawns:
  default:
    world: 68ba9c81-155e-4353-90c0-4c902dac7d6d
    world-name: CreativeWorld
    x: 0.4445088724637685
    y: 67.0
    z: 0.491107604087305
    yaw: 41.40027618408203
    pitch: 64.65060424804688
